	weight
(0, 0)	0.0
(0, 1)	0.0
(0, 2)	0.0
(0, 3)	-0.7670252229284389
(0, 4)	0.0
(0, 5)	0.0
(0, 6)	0.0
(0, 7)	-0.5850385563615347
(0, 8)	0.35060023083654834
(0, 9)	0.4234167583813059
(0, 10)	0.0
(0, 11)	0.0
(0, 12)	0.0
(0, 13)	0.0
(0, 14)	0.0
(0, 15)	0.0
(0, 16)	0.7023851658380963
(0, 17)	0.0
(0, 18)	0.0
(0, 19)	-0.6565861236136193
(1, 0)	0.0
(1, 1)	0.0
(1, 2)	0.0
(1, 3)	0.0
(1, 4)	0.0
(1, 5)	0.0
(1, 6)	0.0
(1, 7)	0.0
(1, 8)	0.0
(1, 9)	0.0
(1, 10)	0.0
(1, 11)	0.0
(1, 12)	0.0
(1, 13)	0.0
(1, 14)	0.0
(1, 15)	0.4252395590245874
(1, 16)	0.0
(1, 17)	0.0
(1, 18)	0.09727118096918336
(1, 19)	0.0
(2, 0)	0.0
(2, 1)	0.0
(2, 2)	0.0
(2, 3)	0.0
(2, 4)	0.0
(2, 5)	0.0
(2, 6)	0.051271847441135845
(2, 7)	-1.8965528205434226
(2, 8)	0.678903183128585
(2, 9)	0.0
(2, 10)	-0.4088980425863732
(2, 11)	0.0
(2, 12)	0.0
(2, 13)	-0.28917019604098904
(2, 14)	0.0
(2, 15)	0.0
(2, 16)	1.8704563246599952
(2, 17)	0.0
(2, 18)	0.0
(2, 19)	-0.3542339485678711
(3, 0)	0.7670252229284389
(3, 1)	0.0
(3, 2)	0.0
(3, 3)	0.0
(3, 4)	0.0
(3, 5)	0.0
(3, 6)	0.0
(3, 7)	0.0
(3, 8)	0.0
(3, 9)	0.0
(3, 10)	0.0
(3, 11)	0.0
(3, 12)	0.0
(3, 13)	0.0
(3, 14)	0.0
(3, 15)	1.1545206118691684
(3, 16)	0.0
(3, 17)	0.0
(3, 18)	0.5525971266337122
(3, 19)	0.0
(4, 0)	0.0
(4, 1)	0.0
(4, 2)	0.0
(4, 3)	0.0
(4, 4)	0.0
(4, 5)	0.0
(4, 6)	0.0
(4, 7)	0.0
(4, 8)	0.0
(4, 9)	0.0
(4, 10)	0.0
(4, 11)	0.0
(4, 12)	0.0
(4, 13)	0.0
(4, 14)	0.0
(4, 15)	0.0
(4, 16)	0.0
(4, 17)	0.0
(4, 18)	0.09844604981150278
(4, 19)	0.0
(5, 0)	0.0
(5, 1)	0.0
(5, 2)	0.0
(5, 3)	0.0
(5, 4)	0.0
(5, 5)	0.0
(5, 6)	0.0
(5, 7)	0.0
(5, 8)	0.0
(5, 9)	0.0
(5, 10)	0.0
(5, 11)	0.0
(5, 12)	0.0
(5, 13)	0.0
(5, 14)	0.0
(5, 15)	0.35615359942374314
(5, 16)	0.0
(5, 17)	0.0
(5, 18)	0.9769102079986464
(5, 19)	0.0
(6, 0)	0.0
(6, 1)	0.0
(6, 2)	-0.051271847441135845
(6, 3)	0.0
(6, 4)	0.0
(6, 5)	0.0
(6, 6)	0.0
(6, 7)	0.0
(6, 8)	0.0
(6, 9)	0.0
(6, 10)	0.0
(6, 11)	0.0
(6, 12)	0.0
(6, 13)	0.0
(6, 14)	0.0
(6, 15)	0.0
(6, 16)	0.0
(6, 17)	-0.6391916412080478
(6, 18)	-0.4714210913228545
(6, 19)	0.0
(7, 0)	0.5850385563615347
(7, 1)	0.0
(7, 2)	1.8965528205434226
(7, 3)	0.0
(7, 4)	0.0
(7, 5)	0.0
(7, 6)	0.0
(7, 7)	0.0
(7, 8)	0.0
(7, 9)	0.0
(7, 10)	0.0
(7, 11)	0.0
(7, 12)	0.0
(7, 13)	0.0
(7, 14)	0.0
(7, 15)	0.3691335688251526
(7, 16)	0.0
(7, 17)	0.7084937402082987
(7, 18)	0.0
(7, 19)	0.0
(8, 0)	-0.35060023083654834
(8, 1)	0.0
(8, 2)	-0.678903183128585
(8, 3)	0.0
(8, 4)	0.0
(8, 5)	0.0
(8, 6)	0.0
(8, 7)	0.0
(8, 8)	0.0
(8, 9)	0.0
(8, 10)	0.0
(8, 11)	0.0
(8, 12)	0.0
(8, 13)	0.0
(8, 14)	0.0
(8, 15)	0.0
(8, 16)	0.0
(8, 17)	-0.3486480959191906
(8, 18)	0.0
(8, 19)	0.0
(9, 0)	-0.4234167583813059
(9, 1)	0.0
(9, 2)	0.0
(9, 3)	0.0
(9, 4)	0.0
(9, 5)	0.0
(9, 6)	0.0
(9, 7)	0.0
(9, 8)	0.0
(9, 9)	0.0
(9, 10)	0.0
(9, 11)	0.0
(9, 12)	0.0
(9, 13)	0.0
(9, 14)	0.0
(9, 15)	-0.11700184120690317
(9, 16)	0.0
(9, 17)	0.0
(9, 18)	0.0
(9, 19)	0.0
(10, 0)	0.0
(10, 1)	0.0
(10, 2)	0.4088980425863732
(10, 3)	0.0
(10, 4)	0.0
(10, 5)	0.0
(10, 6)	0.0
(10, 7)	0.0
(10, 8)	0.0
(10, 9)	0.0
(10, 10)	0.0
(10, 11)	0.0
(10, 12)	0.0
(10, 13)	0.0
(10, 14)	0.0
(10, 15)	1.9788880019452812
(10, 16)	0.0
(10, 17)	0.0
(10, 18)	0.0
(10, 19)	0.0
(11, 0)	0.0
(11, 1)	0.0
(11, 2)	0.0
(11, 3)	0.0
(11, 4)	0.0
(11, 5)	0.0
(11, 6)	0.0
(11, 7)	0.0
(11, 8)	0.0
(11, 9)	0.0
(11, 10)	0.0
(11, 11)	0.0
(11, 12)	0.0
(11, 13)	0.0
(11, 14)	0.0
(11, 15)	0.0
(11, 16)	0.0
(11, 17)	1.012286064322252
(11, 18)	2.7995687216437357
(11, 19)	0.0
(12, 0)	0.0
(12, 1)	0.0
(12, 2)	0.0
(12, 3)	0.0
(12, 4)	0.0
(12, 5)	0.0
(12, 6)	0.0
(12, 7)	0.0
(12, 8)	0.0
(12, 9)	0.0
(12, 10)	0.0
(12, 11)	0.0
(12, 12)	0.0
(12, 13)	0.0
(12, 14)	0.0
(12, 15)	0.0
(12, 16)	0.0
(12, 17)	-1.0813050627271044
(12, 18)	-1.9230404668271315
(12, 19)	0.0
(13, 0)	0.0
(13, 1)	0.0
(13, 2)	0.28917019604098904
(13, 3)	0.0
(13, 4)	0.0
(13, 5)	0.0
(13, 6)	0.0
(13, 7)	0.0
(13, 8)	0.0
(13, 9)	0.0
(13, 10)	0.0
(13, 11)	0.0
(13, 12)	0.0
(13, 13)	0.0
(13, 14)	0.0
(13, 15)	0.0
(13, 16)	0.0
(13, 17)	0.0
(13, 18)	0.0
(13, 19)	0.0
(14, 0)	0.0
(14, 1)	0.0
(14, 2)	0.0
(14, 3)	0.0
(14, 4)	0.0
(14, 5)	0.0
(14, 6)	0.0
(14, 7)	0.0
(14, 8)	0.0
(14, 9)	0.0
(14, 10)	0.0
(14, 11)	0.0
(14, 12)	0.0
(14, 13)	0.0
(14, 14)	0.0
(14, 15)	0.0
(14, 16)	0.0
(14, 17)	-1.1022168741144043
(14, 18)	0.0
(14, 19)	0.0
(15, 0)	0.0
(15, 1)	-0.4252395590245874
(15, 2)	0.0
(15, 3)	-1.1545206118691684
(15, 4)	0.0
(15, 5)	-0.35615359942374314
(15, 6)	0.0
(15, 7)	-0.3691335688251526
(15, 8)	0.0
(15, 9)	0.11700184120690317
(15, 10)	-1.9788880019452812
(15, 11)	0.0
(15, 12)	0.0
(15, 13)	0.0
(15, 14)	0.0
(15, 15)	0.0
(15, 16)	0.0
(15, 17)	0.0
(15, 18)	0.0
(15, 19)	0.0
(16, 0)	-0.7023851658380963
(16, 1)	0.0
(16, 2)	-1.8704563246599952
(16, 3)	0.0
(16, 4)	0.0
(16, 5)	0.0
(16, 6)	0.0
(16, 7)	0.0
(16, 8)	0.0
(16, 9)	0.0
(16, 10)	0.0
(16, 11)	0.0
(16, 12)	0.0
(16, 13)	0.0
(16, 14)	0.0
(16, 15)	0.0
(16, 16)	0.0
(16, 17)	0.0
(16, 18)	0.0
(16, 19)	0.0
(17, 0)	0.0
(17, 1)	0.0
(17, 2)	0.0
(17, 3)	0.0
(17, 4)	0.0
(17, 5)	0.0
(17, 6)	0.6391916412080478
(17, 7)	-0.7084937402082987
(17, 8)	0.3486480959191906
(17, 9)	0.0
(17, 10)	0.0
(17, 11)	-1.012286064322252
(17, 12)	1.0813050627271044
(17, 13)	0.0
(17, 14)	1.1022168741144043
(17, 15)	0.0
(17, 16)	0.0
(17, 17)	0.0
(17, 18)	0.0
(17, 19)	0.0
(18, 0)	0.0
(18, 1)	-0.09727118096918336
(18, 2)	0.0
(18, 3)	-0.5525971266337122
(18, 4)	-0.09844604981150278
(18, 5)	-0.9769102079986464
(18, 6)	0.4714210913228545
(18, 7)	0.0
(18, 8)	0.0
(18, 9)	0.0
(18, 10)	0.0
(18, 11)	-2.7995687216437357
(18, 12)	1.9230404668271315
(18, 13)	0.0
(18, 14)	0.0
(18, 15)	0.0
(18, 16)	0.0
(18, 17)	0.0
(18, 18)	0.0
(18, 19)	0.0
(19, 0)	0.6565861236136193
(19, 1)	0.0
(19, 2)	0.3542339485678711
(19, 3)	0.0
(19, 4)	0.0
(19, 5)	0.0
(19, 6)	0.0
(19, 7)	0.0
(19, 8)	0.0
(19, 9)	0.0
(19, 10)	0.0
(19, 11)	0.0
(19, 12)	0.0
(19, 13)	0.0
(19, 14)	0.0
(19, 15)	0.0
(19, 16)	0.0
(19, 17)	0.0
(19, 18)	0.0
(19, 19)	0.0
