	weight
(0,)	-0.014156828892072173
(1,)	-0.014156828892072173
(2,)	-0.014156828892072173
(3,)	-0.014156828892072173
(4,)	-0.014156828892072173
(5,)	-0.014156828892072173
(6,)	0.3874771679442
(7,)	-0.014156828892072173
(8,)	0.14991262979432343
(9,)	0.034432961898001165
(10,)	-0.014156828892072173
(11,)	-0.014156828892072173
(12,)	1.0
(13,)	-0.014156828892072173
(14,)	0.20897882863476458
(15,)	-0.014156828892072173
(16,)	0.1694546924152189
(17,)	-0.014156828892072173
(18,)	-0.014156828892072173
(19,)	-0.014156828892072173
