	weight
(0,)	-0.022591045457605156
(1,)	-0.022591045457605156
(2,)	1.0
(3,)	0.37389374646544776
(4,)	-0.022591045457605156
(5,)	-0.022591045457605156
(6,)	-0.022591045457605156
(7,)	0.1370568757459558
(8,)	0.7824671958592969
(9,)	-0.022591045457605156
(10,)	0.14320866598458826
(11,)	-0.022591045457605156
(12,)	-0.022591045457605156
(13,)	-0.022591045457605156
(14,)	-0.022591045457605156
(15,)	-0.022591045457605156
(16,)	0.49030677780738363
(17,)	-0.022591045457605156
(18,)	0.65739748798932
(19,)	-0.022591045457605156
